% File testing/matrices/30p30n.mtx basename 30p30n.mtx name 30p30n 
matrix = '30p30n'
% rhs vector name is testing/matrices/30p30n-b.mtx 
% Output directory is out_test
% Output file base name is out_test/30p30n_solution.mtx
% Reading sparse matrix from file (testing/matrices/30p30n.mtx): done. Converting to CSR: done.
% Reading dense matrix from file (testing/matrices/30p30n-b.mtx): done.  done.
gmres_param_tol_type = 1
gmres_param_rtol = 1.000000e-03
gmres_param_search_max = 2000
gmres_param_reorth = 0
user_precond_reduction = 1.500000e+05
user_csrtrsv_choice = 0
PariLU_v0_3_sweeps = 1
PariLU_v0_3_tol = 3.478112e+09
PariLU_v0_3_A_Frobenius = 1.308043e+03
PariLU_v0_3_generation_time = 7.842207e-02
PariLU_v0_3_initial_residual = 2.318742e+04
PariLU_v0_3_initial_nonlinear_residual = 2.264969e+04
PariLU_v0_3_omp_num_threads = 8
% data_fgmres begin
% warning: control/magma_zmlumerge.cpp , within data_zmlumerge ; matrix in wrong formats L = 627, U = 628.
rnorm2 = 3.550639e-02; tol = 1.000000e-03; rtol = 3.550639e-05;
FGMRES_lt_mkltrsv_ortherr(1) = 9.9999999946361451e-01;
FGMRES_lt_mkltrsv_search(1) = 3.5502086114435387e-02;
FGMRES_lt_mkltrsv_ortherr(2) = 1.0000001196732637e+00;
FGMRES_lt_mkltrsv_search(2) = 3.5465967622795455e-02;
FGMRES_lt_mkltrsv_ortherr(3) = 1.0000003338401280e+00;
FGMRES_lt_mkltrsv_search(3) = 3.5465745313056331e-02;
FGMRES_lt_mkltrsv_ortherr(4) = 1.0000016195259127e+00;
FGMRES_lt_mkltrsv_search(4) = 3.5461845608745199e-02;
FGMRES_lt_mkltrsv_ortherr(5) = 1.0000017042993010e+00;
FGMRES_lt_mkltrsv_search(5) = 3.5456872882785373e-02;
FGMRES_lt_mkltrsv_ortherr(6) = 1.0000017534486307e+00;
FGMRES_lt_mkltrsv_search(6) = 3.5444865363676213e-02;
FGMRES_lt_mkltrsv_ortherr(7) = 1.0000041839333553e+00;
FGMRES_lt_mkltrsv_search(7) = 3.5401368548365363e-02;
FGMRES_lt_mkltrsv_ortherr(8) = 1.0000043306425839e+00;
FGMRES_lt_mkltrsv_search(8) = 3.5342371781020600e-02;
FGMRES_lt_mkltrsv_ortherr(9) = 1.0000044722507857e+00;
FGMRES_lt_mkltrsv_search(9) = 3.5322758711202468e-02;
FGMRES_lt_mkltrsv_ortherr(10) = 1.0000045439146144e+00;
FGMRES_lt_mkltrsv_search(10) = 3.5308216838707544e-02;
FGMRES_lt_mkltrsv_ortherr(11) = 1.0000045871365084e+00;
FGMRES_lt_mkltrsv_search(11) = 3.5287686259065393e-02;
FGMRES_lt_mkltrsv_ortherr(12) = 1.0000046973712724e+00;
FGMRES_lt_mkltrsv_search(12) = 3.5237094232737451e-02;
FGMRES_lt_mkltrsv_ortherr(13) = 1.0000048347362664e+00;
FGMRES_lt_mkltrsv_search(13) = 3.5188773913132035e-02;
FGMRES_lt_mkltrsv_ortherr(14) = 1.0000049604675290e+00;
FGMRES_lt_mkltrsv_search(14) = 3.5117805274002697e-02;
FGMRES_lt_mkltrsv_ortherr(15) = 1.0000050734567361e+00;
FGMRES_lt_mkltrsv_search(15) = 3.5051377599750723e-02;
FGMRES_lt_mkltrsv_ortherr(16) = 1.0000051247990085e+00;
FGMRES_lt_mkltrsv_search(16) = 3.4906480136733906e-02;
FGMRES_lt_mkltrsv_ortherr(17) = 1.0000064123824037e+00;
FGMRES_lt_mkltrsv_search(17) = 3.4845836553797652e-02;
FGMRES_lt_mkltrsv_ortherr(18) = 1.0000064196813565e+00;
FGMRES_lt_mkltrsv_search(18) = 3.4726942222872217e-02;
FGMRES_lt_mkltrsv_ortherr(19) = 1.0000064447825583e+00;
FGMRES_lt_mkltrsv_search(19) = 3.4574816870968382e-02;
FGMRES_lt_mkltrsv_ortherr(20) = 1.0000065384079304e+00;
FGMRES_lt_mkltrsv_search(20) = 3.4348792842977503e-02;
FGMRES_lt_mkltrsv_ortherr(21) = 1.0000065673453580e+00;
FGMRES_lt_mkltrsv_search(21) = 3.4222830299044778e-02;
FGMRES_lt_mkltrsv_ortherr(22) = 1.0000069484341243e+00;
FGMRES_lt_mkltrsv_search(22) = 3.4191383843674705e-02;
FGMRES_lt_mkltrsv_ortherr(23) = 1.0000070215255472e+00;
FGMRES_lt_mkltrsv_search(23) = 3.3932418073032912e-02;
FGMRES_lt_mkltrsv_ortherr(24) = 1.0000070615794063e+00;
FGMRES_lt_mkltrsv_search(24) = 3.3316518948597593e-02;
FGMRES_lt_mkltrsv_ortherr(25) = 1.0000070965349463e+00;
FGMRES_lt_mkltrsv_search(25) = 3.2912324763548793e-02;
FGMRES_lt_mkltrsv_ortherr(26) = 1.0000219032648765e+00;
FGMRES_lt_mkltrsv_search(26) = 3.2687499604888801e-02;
FGMRES_lt_mkltrsv_ortherr(27) = 1.0000240906841198e+00;
FGMRES_lt_mkltrsv_search(27) = 3.2648703773215867e-02;
FGMRES_lt_mkltrsv_ortherr(28) = 1.0000452883264048e+00;
FGMRES_lt_mkltrsv_search(28) = 3.2552567647537382e-02;
FGMRES_lt_mkltrsv_ortherr(29) = 1.0002956715288811e+00;
FGMRES_lt_mkltrsv_search(29) = 3.2186163178291351e-02;
FGMRES_lt_mkltrsv_ortherr(30) = 1.0003167184634973e+00;
FGMRES_lt_mkltrsv_search(30) = 3.1372035182907404e-02;
FGMRES_lt_mkltrsv_ortherr(31) = 1.0003334614192543e+00;
FGMRES_lt_mkltrsv_search(31) = 3.0775536031101062e-02;
FGMRES_lt_mkltrsv_ortherr(32) = 1.0003340934732043e+00;
FGMRES_lt_mkltrsv_search(32) = 2.9964410907365718e-02;
FGMRES_lt_mkltrsv_ortherr(33) = 1.0006239650881872e+00;
FGMRES_lt_mkltrsv_search(33) = 2.9277218957749172e-02;
FGMRES_lt_mkltrsv_ortherr(34) = 1.0006820254308597e+00;
FGMRES_lt_mkltrsv_search(34) = 2.8957216810338884e-02;
FGMRES_lt_mkltrsv_ortherr(35) = 1.0006878968335791e+00;
FGMRES_lt_mkltrsv_search(35) = 2.8707929542874086e-02;
FGMRES_lt_mkltrsv_ortherr(36) = 1.0007289712146397e+00;
FGMRES_lt_mkltrsv_search(36) = 2.8324626931938508e-02;
FGMRES_lt_mkltrsv_ortherr(37) = 1.0007954958617817e+00;
FGMRES_lt_mkltrsv_search(37) = 2.8164624517367204e-02;
FGMRES_lt_mkltrsv_ortherr(38) = 1.0008080276699316e+00;
FGMRES_lt_mkltrsv_search(38) = 2.8025214635448440e-02;
FGMRES_lt_mkltrsv_ortherr(39) = 1.0008345807649937e+00;
FGMRES_lt_mkltrsv_search(39) = 2.7996909213741341e-02;
FGMRES_lt_mkltrsv_ortherr(40) = 1.0008705911128883e+00;
FGMRES_lt_mkltrsv_search(40) = 2.7991284053918406e-02;
FGMRES_lt_mkltrsv_ortherr(41) = 1.0010098656328152e+00;
FGMRES_lt_mkltrsv_search(41) = 2.7981160588284683e-02;
FGMRES_lt_mkltrsv_ortherr(42) = 1.0010625198327634e+00;
FGMRES_lt_mkltrsv_search(42) = 2.7960152396796487e-02;
FGMRES_lt_mkltrsv_ortherr(43) = 1.0011605677675235e+00;
FGMRES_lt_mkltrsv_search(43) = 2.7933429939533062e-02;
FGMRES_lt_mkltrsv_ortherr(44) = 1.0012410662450124e+00;
FGMRES_lt_mkltrsv_search(44) = 2.7924860139772276e-02;
FGMRES_lt_mkltrsv_ortherr(45) = 1.0012589582693108e+00;
FGMRES_lt_mkltrsv_search(45) = 2.7923249159123174e-02;
FGMRES_lt_mkltrsv_ortherr(46) = 1.0013721056779916e+00;
FGMRES_lt_mkltrsv_search(46) = 2.7923244796190749e-02;
FGMRES_lt_mkltrsv_ortherr(47) = 1.0014152666016183e+00;
FGMRES_lt_mkltrsv_search(47) = 2.7812476023622204e-02;
FGMRES_lt_mkltrsv_ortherr(48) = 1.0014646180817042e+00;
FGMRES_lt_mkltrsv_search(48) = 2.7539675490593434e-02;
FGMRES_lt_mkltrsv_ortherr(49) = 1.0015345506788107e+00;
FGMRES_lt_mkltrsv_search(49) = 2.7172592931368745e-02;
FGMRES_lt_mkltrsv_ortherr(50) = 1.0015776278007995e+00;
FGMRES_lt_mkltrsv_search(50) = 2.6580768401237805e-02;
FGMRES_lt_mkltrsv_ortherr(51) = 1.0016591570285556e+00;
FGMRES_lt_mkltrsv_search(51) = 2.6040205281316297e-02;
FGMRES_lt_mkltrsv_ortherr(52) = 1.0016915443464363e+00;
FGMRES_lt_mkltrsv_search(52) = 2.5597826820334145e-02;
FGMRES_lt_mkltrsv_ortherr(53) = 1.0017703101515942e+00;
FGMRES_lt_mkltrsv_search(53) = 2.5197237099246449e-02;
FGMRES_lt_mkltrsv_ortherr(54) = 1.0018030890800458e+00;
FGMRES_lt_mkltrsv_search(54) = 2.4863128088121054e-02;
FGMRES_lt_mkltrsv_ortherr(55) = 1.0018179774193667e+00;
FGMRES_lt_mkltrsv_search(55) = 2.4441497896274415e-02;
FGMRES_lt_mkltrsv_ortherr(56) = 1.0018539555261476e+00;
FGMRES_lt_mkltrsv_search(56) = 2.3788449584078161e-02;
FGMRES_lt_mkltrsv_ortherr(57) = 1.0018605721873477e+00;
FGMRES_lt_mkltrsv_search(57) = 2.2716328837454430e-02;
FGMRES_lt_mkltrsv_ortherr(58) = 1.0022011933010289e+00;
FGMRES_lt_mkltrsv_search(58) = 2.1887996314620926e-02;
FGMRES_lt_mkltrsv_ortherr(59) = 1.0022873605536369e+00;
FGMRES_lt_mkltrsv_search(59) = 2.0698327504861985e-02;
FGMRES_lt_mkltrsv_ortherr(60) = 1.0022966240133895e+00;
FGMRES_lt_mkltrsv_search(60) = 1.9553826739572476e-02;
FGMRES_lt_mkltrsv_ortherr(61) = 1.0023365544364649e+00;
FGMRES_lt_mkltrsv_search(61) = 1.8056267985414043e-02;
FGMRES_lt_mkltrsv_ortherr(62) = 1.0023753101187804e+00;
FGMRES_lt_mkltrsv_search(62) = 1.6940210783195506e-02;
FGMRES_lt_mkltrsv_ortherr(63) = 1.0024999592926067e+00;
