% File testing/matrices/30p30n.mtx basename 30p30n.mtx name 30p30n 
matrix = '30p30n'
% rhs vector name is testing/matrices/30p30n-b.mtx 
% Output directory is out_test
% Output file base name is out_test/30p30n_solution.mtx
% Reading sparse matrix from file (testing/matrices/30p30n.mtx): done. Converting to CSR: done.
% Reading dense matrix from file (testing/matrices/30p30n-b.mtx): done.  done.
gmres_param_tol_type = 1
gmres_param_rtol = 1.000000e-03
gmres_param_search_max = 2000
gmres_param_reorth = 0
% data_gmres_precond begin
% warning: control/magma_zmlumerge.cpp , within data_zmlumerge ; matrix in wrong formats L = 627, U = 628.
%Checkpoint: src/gmres_precond.cpp, line 96
rnorm2 = 3.550639e-02; tol = 1.000000e-03; rtol = 3.550639e-05;
PGMRES_search(1) = 3.5506385865866311e-02;
PGMRES_search(2) = 3.5493661062155027e-02;
PGMRES_search(3) = 3.5491523118670418e-02;
PGMRES_search(4) = 3.5491418742596335e-02;
PGMRES_search(5) = 3.5491403357745442e-02;
PGMRES_search(6) = 3.5491333772485319e-02;
PGMRES_search(7) = 3.5490438485930337e-02;
PGMRES_search(8) = 3.5487338054704679e-02;
PGMRES_search(9) = 3.5486360198306782e-02;
PGMRES_search(10) = 3.5486245700503426e-02;
PGMRES_search(11) = 3.5486144868506098e-02;
PGMRES_search(12) = 3.5486040070723160e-02;
PGMRES_search(13) = 3.5486039547490147e-02;
PGMRES_search(14) = 3.5485939715224721e-02;
PGMRES_search(15) = 3.5485694975558472e-02;
PGMRES_search(16) = 3.5485164359857296e-02;
PGMRES_search(17) = 3.5484899824668917e-02;
PGMRES_search(18) = 3.5484850164357845e-02;
PGMRES_search(19) = 3.5484819158038673e-02;
PGMRES_search(20) = 3.5484522342604408e-02;
PGMRES_search(21) = 3.5483864797101514e-02;
PGMRES_search(22) = 3.5483854428280809e-02;
PGMRES_search(23) = 3.5482687289808822e-02;
PGMRES_search(24) = 3.5482336070165613e-02;
PGMRES_search(25) = 3.5481799875444253e-02;
PGMRES_search(26) = 3.5477612592976791e-02;
PGMRES_search(27) = 3.5476668469533901e-02;
PGMRES_search(28) = 3.5475535242637510e-02;
PGMRES_search(29) = 3.5455549314563642e-02;
PGMRES_search(30) = 3.5454277382788425e-02;
PGMRES_search(31) = 3.5451907465977019e-02;
PGMRES_search(32) = 3.5448515893392950e-02;
PGMRES_search(33) = 3.5422880094170321e-02;
PGMRES_search(34) = 3.5414638652919779e-02;
PGMRES_search(35) = 3.5413193734747925e-02;
PGMRES_search(36) = 3.5411094936519838e-02;
PGMRES_search(37) = 3.5410856790710023e-02;
PGMRES_search(38) = 3.5408155856330496e-02;
PGMRES_search(39) = 3.5389831966904421e-02;
PGMRES_search(40) = 3.5379002078185666e-02;
PGMRES_search(41) = 3.5378655251265656e-02;
PGMRES_search(42) = 3.5360840481832634e-02;
PGMRES_search(43) = 3.5356270879658820e-02;
PGMRES_search(44) = 3.5352797392095757e-02;
PGMRES_search(45) = 3.5351176403968960e-02;
PGMRES_search(46) = 3.5351129960506676e-02;
PGMRES_search(47) = 3.5350975268456472e-02;
PGMRES_search(48) = 3.5350093115208918e-02;
PGMRES_search(49) = 3.5349737784522633e-02;
PGMRES_search(50) = 3.5349709253564635e-02;
PGMRES_search(51) = 3.5348489343537896e-02;
PGMRES_search(52) = 3.5347417453690161e-02;
PGMRES_search(53) = 3.5339941841853136e-02;
PGMRES_search(54) = 3.5330037907402363e-02;
PGMRES_search(55) = 3.5325205737354516e-02;
PGMRES_search(56) = 3.5321323686341798e-02;
PGMRES_search(57) = 3.5308909732214913e-02;
PGMRES_search(58) = 3.5272909562349505e-02;
PGMRES_search(59) = 3.5250524332857351e-02;
PGMRES_search(60) = 3.5246166298180039e-02;
PGMRES_search(61) = 3.5187025994943923e-02;
PGMRES_search(62) = 3.5164139636002949e-02;
PGMRES_search(63) = 3.5157091526708567e-02;
PGMRES_search(64) = 3.5094499439134140e-02;
PGMRES_search(65) = 3.4999885948688240e-02;
PGMRES_search(66) = 3.4854105983178334e-02;
PGMRES_search(67) = 3.4796404860003412e-02;
PGMRES_search(68) = 3.4784685008007799e-02;
PGMRES_search(69) = 3.4741459894573834e-02;
PGMRES_search(70) = 3.4614808672747868e-02;
PGMRES_search(71) = 3.4538729511416358e-02;
PGMRES_search(72) = 3.4492292252475805e-02;
PGMRES_search(73) = 3.4450925821482362e-02;
PGMRES_search(74) = 3.4431579225933824e-02;
PGMRES_search(75) = 3.4431161919092394e-02;
PGMRES_search(76) = 3.4425933874170693e-02;
PGMRES_search(77) = 3.4384030611700485e-02;
PGMRES_search(78) = 3.4359994803615831e-02;
PGMRES_search(79) = 3.4323905679447465e-02;
PGMRES_search(80) = 3.4270426986583481e-02;
PGMRES_search(81) = 3.4174899468682012e-02;
PGMRES_search(82) = 3.3809262924738660e-02;
PGMRES_search(83) = 3.3321933913791534e-02;
PGMRES_search(84) = 3.3057557124354570e-02;
PGMRES_search(85) = 3.2835002092344544e-02;
PGMRES_search(86) = 3.2686651293028134e-02;
PGMRES_search(87) = 3.2562758206746117e-02;
PGMRES_search(88) = 3.2533715140061453e-02;
PGMRES_search(89) = 3.2499771742806244e-02;
PGMRES_search(90) = 3.2442528841297884e-02;
PGMRES_search(91) = 3.2386728281953922e-02;
PGMRES_search(92) = 3.2365428415272977e-02;
PGMRES_search(93) = 3.2356908079395640e-02;
PGMRES_search(94) = 3.2288842386048365e-02;
PGMRES_search(95) = 3.2267122880545868e-02;
PGMRES_search(96) = 3.2255088189824921e-02;
PGMRES_search(97) = 3.2195446482131830e-02;
PGMRES_search(98) = 3.2173127833340760e-02;
PGMRES_search(99) = 3.2148601765866862e-02;
PGMRES_search(100) = 3.2147844114451089e-02;
PGMRES_search(101) = 3.2108192018835482e-02;
PGMRES_search(102) = 3.2010260275315887e-02;
PGMRES_search(103) = 3.1887333530804626e-02;
PGMRES_search(104) = 3.1789435586881305e-02;
PGMRES_search(105) = 3.1745290112746648e-02;
PGMRES_search(106) = 3.1735582307451889e-02;
PGMRES_search(107) = 3.1612627880762655e-02;
PGMRES_search(108) = 3.1417309323078395e-02;
PGMRES_search(109) = 3.0976026480093798e-02;
PGMRES_search(110) = 3.0807404638316178e-02;
PGMRES_search(111) = 3.0784673831679651e-02;
PGMRES_search(112) = 3.0749668787825323e-02;
PGMRES_search(113) = 3.0410886561995035e-02;
PGMRES_search(114) = 3.0059746645964575e-02;
PGMRES_search(115) = 2.9666447838569764e-02;
PGMRES_search(116) = 2.9310424592902996e-02;
PGMRES_search(117) = 2.9188877029785364e-02;
PGMRES_search(118) = 2.9154353430178529e-02;
PGMRES_search(119) = 2.9121426394067104e-02;
PGMRES_search(120) = 2.9092981408773196e-02;
PGMRES_search(121) = 2.9075269317410016e-02;
PGMRES_search(122) = 2.9035670444754230e-02;
PGMRES_search(123) = 2.8953595196898923e-02;
PGMRES_search(124) = 2.8934152501285722e-02;
PGMRES_search(125) = 2.8930222445732127e-02;
PGMRES_search(126) = 2.8927366008264319e-02;
PGMRES_search(127) = 2.8862145314967197e-02;
PGMRES_search(128) = 2.8511184888314826e-02;
PGMRES_search(129) = 2.8095058053171588e-02;
PGMRES_search(130) = 2.7973137170965487e-02;
PGMRES_search(131) = 2.7955438654945632e-02;
PGMRES_search(132) = 2.7935422432817644e-02;
PGMRES_search(133) = 2.7933641442521619e-02;
PGMRES_search(134) = 2.7925707173430125e-02;
PGMRES_search(135) = 2.7906856333252055e-02;
PGMRES_search(136) = 2.7846633760886089e-02;
PGMRES_search(137) = 2.7751799567694670e-02;
PGMRES_search(138) = 2.7716916936948503e-02;
PGMRES_search(139) = 2.7715965913210048e-02;
PGMRES_search(140) = 2.7546713739782229e-02;
PGMRES_search(141) = 2.7187290857349430e-02;
PGMRES_search(142) = 2.6672819786103117e-02;
PGMRES_search(143) = 2.6184877419878221e-02;
PGMRES_search(144) = 2.5745824139641410e-02;
PGMRES_search(145) = 2.5475616023651382e-02;
PGMRES_search(146) = 2.5097663366174909e-02;
PGMRES_search(147) = 2.4644099167810268e-02;
PGMRES_search(148) = 2.4156134287195669e-02;
PGMRES_search(149) = 2.3879058795835066e-02;
PGMRES_search(150) = 2.3695450119865832e-02;
PGMRES_search(151) = 2.3618852381648087e-02;
PGMRES_search(152) = 2.3606765464956863e-02;
PGMRES_search(153) = 2.3445250979770252e-02;
PGMRES_search(154) = 2.2867974729795810e-02;
PGMRES_search(155) = 2.2514241477105918e-02;
PGMRES_search(156) = 2.2203914769646341e-02;
PGMRES_search(157) = 2.1856822074484222e-02;
PGMRES_search(158) = 2.1604863357317743e-02;
PGMRES_search(159) = 2.1410092970633472e-02;
PGMRES_search(160) = 2.0911895334197770e-02;
PGMRES_search(161) = 2.0829071909121099e-02;
PGMRES_search(162) = 2.0814239074999050e-02;
PGMRES_search(163) = 2.0814089344424240e-02;
